R_cam2ee:
[-0.4981785168451618, 0.8502372739541726, -0.1700433572149422;
 -0.8669699007414826, -0.4853998713903666, 0.1129165889607081;
 0.01346686905923783, 0.2036750913420461, 0.9789459130128437]

t_cam2ee:
[-0.05634814640333001;
 0.008158782061406064;
 0.1387843968820852]

T_cam2ee (4x4):
[-0.4981785168451618, 0.8502372739541726, -0.1700433572149422, -0.05634814640333001;
 -0.8669699007414826, -0.4853998713903666, 0.1129165889607081, 0.008158782061406064;
 0.01346686905923783, 0.2036750913420461, 0.9789459130128437, 0.1387843968820852;
 0, 0, 0, 1]
