R_cam2ee:
[-0.4982074408800521, 0.8502210437169351, -0.1700397679151468;
 -0.8669531837929501, -0.4854267624241908, 0.1129293382325322;
 0.01347304579591589, 0.2036787547665583, 0.978945065820205]

t_cam2ee:
[-0.05635741759801266;
 0.008161193251542007;
 0.1387785819363063]

T_cam2ee (4x4):
[-0.4982074408800521, 0.8502210437169351, -0.1700397679151468, -0.05635741759801266;
 -0.8669531837929501, -0.4854267624241908, 0.1129293382325322, 0.008161193251542007;
 0.01347304579591589, 0.2036787547665583, 0.978945065820205, 0.1387785819363063;
 0, 0, 0, 1]
