R_cam2ee:
[-0.6466292139120484, 0.7384976101329057, -0.1910286354017999;
 -0.7617350132636103, -0.638402923350846, 0.1104602961492594;
 -0.04037857456343082, 0.216940054589007, 0.975349467335244]

t_cam2ee:
[-0.1224429384440567;
 -0.02323528603025387;
 0.2086271659459416]

T_cam2ee (4x4):
[-0.6466292139120484, 0.7384976101329057, -0.1910286354017999, -0.1224429384440567;
 -0.7617350132636103, -0.638402923350846, 0.1104602961492594, -0.02323528603025387;
 -0.04037857456343082, 0.216940054589007, 0.975349467335244, 0.2086271659459416;
 0, 0, 0, 1]
