R_cam2ee:
[-0.4970240012175311, 0.8507793011687504, -0.1707094693229645;
 -0.8676313899687152, -0.4841856351553984, 0.1130488471861552;
 0.01352454637578938, 0.2043008845109975, 0.9788147093466431]

t_cam2ee:
[-0.05626522741303411;
 0.007836906183780985;
 0.139109776651952]

T_cam2ee (4x4):
[-0.4970240012175311, 0.8507793011687504, -0.1707094693229645, -0.05626522741303411;
 -0.8676313899687152, -0.4841856351553984, 0.1130488471861552, 0.007836906183780985;
 0.01352454637578938, 0.2043008845109975, 0.9788147093466431, 0.139109776651952;
 0, 0, 0, 1]
